{
 "cells": [
  {
   "cell_type": "markdown",
   "source": [
    "# 4"
   ],
   "metadata": {}
  },
  {
   "cell_type": "markdown",
   "source": [
    "## a. First, calculate each of your 10 selected bonds’ yield"
   ],
   "metadata": {}
  },
  {
   "cell_type": "code",
   "execution_count": null,
   "source": [
    "import pandas as pd\r\n",
    "from bond_pricing.simple_bonds import bond_yield\r\n",
    "df = pd.read_csv('A1d.csv')\r\n",
    "df"
   ],
   "outputs": [],
   "metadata": {}
  },
  {
   "cell_type": "code",
   "execution_count": null,
   "source": [
    "for col in range(10, 22):\r\n",
    "    if str(col) not in df.columns:\r\n",
    "        continue\r\n",
    "    # df[f'{col}_ytm'] = df[str(col)]\r\n",
    "    for idx in df.index:\r\n",
    "        df.loc[idx, f'{col}_ytm'] = bond_yield(\r\n",
    "            settle=f'2022-01-{col}',\r\n",
    "            mat=df.loc[idx, 'maturity date'],\r\n",
    "            cpn=float(df.loc[idx, 'coupon'][:-1]) / 100,\r\n",
    "            price=df.loc[idx, str(col)]\r\n",
    "        )"
   ],
   "outputs": [],
   "metadata": {}
  },
  {
   "cell_type": "code",
   "execution_count": null,
   "source": [
    "import matplotlib.pyplot as plt \r\n",
    "plt.figure(figsize=(20, 10))\r\n",
    "for name in df['ISIN ']:\r\n",
    "    arr = df.set_index('ISIN ').loc[\r\n",
    "        name, \r\n",
    "        [f'{col}_ytm' for col in range(10, 22) if str(col) in df.columns] \r\n",
    "    ].T\r\n",
    "    plt.plot(arr * 100, label=name)\r\n",
    "plt.ylabel('%')\r\n",
    "plt.legend()\r\n",
    "plt.grid()"
   ],
   "outputs": [],
   "metadata": {}
  },
  {
   "cell_type": "markdown",
   "source": [
    "## b. Write a pseudo-code (explanation of an algorithm) for how you would derive the spot curve with terms ranging from 1-5 years from your chosen bonds in part 2 "
   ],
   "metadata": {}
  },
  {
   "cell_type": "markdown",
   "source": [
    "Step 1: Choose the data for the spot rate, i.e. 10 in the case\n",
    "\n",
    "Step 2: Enumerate all ytm from n_ytm for n=11, 11, ...21\n",
    "\n",
    "apply the following formula\n",
    "    \n",
    "spot_rate_n = power((1 + n_ytm) ** n / (1 + 10_ytm), 1 / (n - 1)) - 1\n",
    "\n",
    "Step 3: Repeat step 2 for all bonds and get the final spot rates"
   ],
   "metadata": {}
  },
  {
   "cell_type": "markdown",
   "source": [
    "## c. Write a pseudo-code for how you would derive the 1-year forward curve with terms ranging from 2-5 years from your chosen bonds in part "
   ],
   "metadata": {}
  },
  {
   "cell_type": "markdown",
   "source": [
    "This just needs to work in the opposite direction of the steps in part b\n",
    "\n",
    "Step 1: Choose the spot date, in the case, to be 10\n",
    "\n",
    "Step 2: For rate_n, n=2, 3, 4, 5\n",
    "\n",
    "apply the following formula\n",
    "\n",
    "forward_rate_n = power((1 + rate_n) ** (n - 1) * (1 + rate_n), 1 / n) - 1\n",
    "\n",
    "Step 3: Repeat step 2 for all bonds and get the final results\n",
    "    "
   ],
   "metadata": {}
  },
  {
   "cell_type": "markdown",
   "source": [
    "# 5"
   ],
   "metadata": {}
  },
  {
   "cell_type": "code",
   "execution_count": 34,
   "source": [
    "# log-returns of yield\r\n",
    "import numpy as np\r\n",
    "cov_yield = (df[[col for col in df.columns if 'ytm' in col]].T.pct_change() + 1).apply(np.log).cov()\r\n",
    "cov_yield"
   ],
   "outputs": [
    {
     "output_type": "execute_result",
     "data": {
      "text/plain": [
       "          0         1         2         3         4         5         6  \\\n",
       "0  0.016076  0.002317  0.001615  0.000645  0.001833  0.001798  0.001905   \n",
       "1  0.002317  0.000891  0.000794  0.000483  0.000720  0.000638  0.000652   \n",
       "2  0.001615  0.000794  0.000745  0.000476  0.000664  0.000603  0.000604   \n",
       "3  0.000645  0.000483  0.000476  0.000576  0.000391  0.000413  0.000381   \n",
       "4  0.001833  0.000720  0.000664  0.000391  0.000629  0.000575  0.000584   \n",
       "5  0.001798  0.000638  0.000603  0.000413  0.000575  0.000586  0.000572   \n",
       "6  0.001905  0.000652  0.000604  0.000381  0.000584  0.000572  0.000578   \n",
       "7  0.001839  0.000654  0.000610  0.000385  0.000586  0.000570  0.000573   \n",
       "8  0.001535  0.000536  0.000503  0.000300  0.000499  0.000477  0.000482   \n",
       "9  0.001796  0.000630  0.000587  0.000359  0.000568  0.000548  0.000554   \n",
       "\n",
       "          7         8         9  \n",
       "0  0.001839  0.001535  0.001796  \n",
       "1  0.000654  0.000536  0.000630  \n",
       "2  0.000610  0.000503  0.000587  \n",
       "3  0.000385  0.000300  0.000359  \n",
       "4  0.000586  0.000499  0.000568  \n",
       "5  0.000570  0.000477  0.000548  \n",
       "6  0.000573  0.000482  0.000554  \n",
       "7  0.000570  0.000481  0.000552  \n",
       "8  0.000481  0.000422  0.000470  \n",
       "9  0.000552  0.000470  0.000536  "
      ],
      "text/html": [
       "<div>\n",
       "<style scoped>\n",
       "    .dataframe tbody tr th:only-of-type {\n",
       "        vertical-align: middle;\n",
       "    }\n",
       "\n",
       "    .dataframe tbody tr th {\n",
       "        vertical-align: top;\n",
       "    }\n",
       "\n",
       "    .dataframe thead th {\n",
       "        text-align: right;\n",
       "    }\n",
       "</style>\n",
       "<table border=\"1\" class=\"dataframe\">\n",
       "  <thead>\n",
       "    <tr style=\"text-align: right;\">\n",
       "      <th></th>\n",
       "      <th>0</th>\n",
       "      <th>1</th>\n",
       "      <th>2</th>\n",
       "      <th>3</th>\n",
       "      <th>4</th>\n",
       "      <th>5</th>\n",
       "      <th>6</th>\n",
       "      <th>7</th>\n",
       "      <th>8</th>\n",
       "      <th>9</th>\n",
       "    </tr>\n",
       "  </thead>\n",
       "  <tbody>\n",
       "    <tr>\n",
       "      <th>0</th>\n",
       "      <td>0.016076</td>\n",
       "      <td>0.002317</td>\n",
       "      <td>0.001615</td>\n",
       "      <td>0.000645</td>\n",
       "      <td>0.001833</td>\n",
       "      <td>0.001798</td>\n",
       "      <td>0.001905</td>\n",
       "      <td>0.001839</td>\n",
       "      <td>0.001535</td>\n",
       "      <td>0.001796</td>\n",
       "    </tr>\n",
       "    <tr>\n",
       "      <th>1</th>\n",
       "      <td>0.002317</td>\n",
       "      <td>0.000891</td>\n",
       "      <td>0.000794</td>\n",
       "      <td>0.000483</td>\n",
       "      <td>0.000720</td>\n",
       "      <td>0.000638</td>\n",
       "      <td>0.000652</td>\n",
       "      <td>0.000654</td>\n",
       "      <td>0.000536</td>\n",
       "      <td>0.000630</td>\n",
       "    </tr>\n",
       "    <tr>\n",
       "      <th>2</th>\n",
       "      <td>0.001615</td>\n",
       "      <td>0.000794</td>\n",
       "      <td>0.000745</td>\n",
       "      <td>0.000476</td>\n",
       "      <td>0.000664</td>\n",
       "      <td>0.000603</td>\n",
       "      <td>0.000604</td>\n",
       "      <td>0.000610</td>\n",
       "      <td>0.000503</td>\n",
       "      <td>0.000587</td>\n",
       "    </tr>\n",
       "    <tr>\n",
       "      <th>3</th>\n",
       "      <td>0.000645</td>\n",
       "      <td>0.000483</td>\n",
       "      <td>0.000476</td>\n",
       "      <td>0.000576</td>\n",
       "      <td>0.000391</td>\n",
       "      <td>0.000413</td>\n",
       "      <td>0.000381</td>\n",
       "      <td>0.000385</td>\n",
       "      <td>0.000300</td>\n",
       "      <td>0.000359</td>\n",
       "    </tr>\n",
       "    <tr>\n",
       "      <th>4</th>\n",
       "      <td>0.001833</td>\n",
       "      <td>0.000720</td>\n",
       "      <td>0.000664</td>\n",
       "      <td>0.000391</td>\n",
       "      <td>0.000629</td>\n",
       "      <td>0.000575</td>\n",
       "      <td>0.000584</td>\n",
       "      <td>0.000586</td>\n",
       "      <td>0.000499</td>\n",
       "      <td>0.000568</td>\n",
       "    </tr>\n",
       "    <tr>\n",
       "      <th>5</th>\n",
       "      <td>0.001798</td>\n",
       "      <td>0.000638</td>\n",
       "      <td>0.000603</td>\n",
       "      <td>0.000413</td>\n",
       "      <td>0.000575</td>\n",
       "      <td>0.000586</td>\n",
       "      <td>0.000572</td>\n",
       "      <td>0.000570</td>\n",
       "      <td>0.000477</td>\n",
       "      <td>0.000548</td>\n",
       "    </tr>\n",
       "    <tr>\n",
       "      <th>6</th>\n",
       "      <td>0.001905</td>\n",
       "      <td>0.000652</td>\n",
       "      <td>0.000604</td>\n",
       "      <td>0.000381</td>\n",
       "      <td>0.000584</td>\n",
       "      <td>0.000572</td>\n",
       "      <td>0.000578</td>\n",
       "      <td>0.000573</td>\n",
       "      <td>0.000482</td>\n",
       "      <td>0.000554</td>\n",
       "    </tr>\n",
       "    <tr>\n",
       "      <th>7</th>\n",
       "      <td>0.001839</td>\n",
       "      <td>0.000654</td>\n",
       "      <td>0.000610</td>\n",
       "      <td>0.000385</td>\n",
       "      <td>0.000586</td>\n",
       "      <td>0.000570</td>\n",
       "      <td>0.000573</td>\n",
       "      <td>0.000570</td>\n",
       "      <td>0.000481</td>\n",
       "      <td>0.000552</td>\n",
       "    </tr>\n",
       "    <tr>\n",
       "      <th>8</th>\n",
       "      <td>0.001535</td>\n",
       "      <td>0.000536</td>\n",
       "      <td>0.000503</td>\n",
       "      <td>0.000300</td>\n",
       "      <td>0.000499</td>\n",
       "      <td>0.000477</td>\n",
       "      <td>0.000482</td>\n",
       "      <td>0.000481</td>\n",
       "      <td>0.000422</td>\n",
       "      <td>0.000470</td>\n",
       "    </tr>\n",
       "    <tr>\n",
       "      <th>9</th>\n",
       "      <td>0.001796</td>\n",
       "      <td>0.000630</td>\n",
       "      <td>0.000587</td>\n",
       "      <td>0.000359</td>\n",
       "      <td>0.000568</td>\n",
       "      <td>0.000548</td>\n",
       "      <td>0.000554</td>\n",
       "      <td>0.000552</td>\n",
       "      <td>0.000470</td>\n",
       "      <td>0.000536</td>\n",
       "    </tr>\n",
       "  </tbody>\n",
       "</table>\n",
       "</div>"
      ]
     },
     "metadata": {},
     "execution_count": 34
    }
   ],
   "metadata": {}
  },
  {
   "cell_type": "code",
   "execution_count": 35,
   "source": [
    "# forward rate\r\n",
    "forward_rate_cov = (df[[col for col in df.columns if 'ytm' in col]].T / df[[col for col in df.columns if 'ytm' in col]].T.shift(2)).apply(np.log).cov()\r\n",
    "forward_rate_cov"
   ],
   "outputs": [
    {
     "output_type": "execute_result",
     "data": {
      "text/plain": [
       "          0         1         2         3         4         5         6  \\\n",
       "0  0.027780  0.005805  0.004699  0.003172  0.004315  0.004246  0.004408   \n",
       "1  0.005805  0.002218  0.001990  0.001277  0.001834  0.001667  0.001769   \n",
       "2  0.004699  0.001990  0.001844  0.001245  0.001706  0.001607  0.001680   \n",
       "3  0.003172  0.001277  0.001245  0.001387  0.001157  0.001293  0.001255   \n",
       "4  0.004315  0.001834  0.001706  0.001157  0.001581  0.001499  0.001562   \n",
       "5  0.004246  0.001667  0.001607  0.001293  0.001499  0.001585  0.001590   \n",
       "6  0.004408  0.001769  0.001680  0.001255  0.001562  0.001590  0.001624   \n",
       "7  0.004303  0.001736  0.001650  0.001233  0.001534  0.001559  0.001591   \n",
       "8  0.003429  0.001441  0.001371  0.001005  0.001276  0.001268  0.001296   \n",
       "9  0.004157  0.001668  0.001584  0.001168  0.001473  0.001490  0.001522   \n",
       "\n",
       "          7         8         9  \n",
       "0  0.004303  0.003429  0.004157  \n",
       "1  0.001736  0.001441  0.001668  \n",
       "2  0.001650  0.001371  0.001584  \n",
       "3  0.001233  0.001005  0.001168  \n",
       "4  0.001534  0.001276  0.001473  \n",
       "5  0.001559  0.001268  0.001490  \n",
       "6  0.001591  0.001296  0.001522  \n",
       "7  0.001559  0.001274  0.001493  \n",
       "8  0.001274  0.001058  0.001222  \n",
       "9  0.001493  0.001222  0.001430  "
      ],
      "text/html": [
       "<div>\n",
       "<style scoped>\n",
       "    .dataframe tbody tr th:only-of-type {\n",
       "        vertical-align: middle;\n",
       "    }\n",
       "\n",
       "    .dataframe tbody tr th {\n",
       "        vertical-align: top;\n",
       "    }\n",
       "\n",
       "    .dataframe thead th {\n",
       "        text-align: right;\n",
       "    }\n",
       "</style>\n",
       "<table border=\"1\" class=\"dataframe\">\n",
       "  <thead>\n",
       "    <tr style=\"text-align: right;\">\n",
       "      <th></th>\n",
       "      <th>0</th>\n",
       "      <th>1</th>\n",
       "      <th>2</th>\n",
       "      <th>3</th>\n",
       "      <th>4</th>\n",
       "      <th>5</th>\n",
       "      <th>6</th>\n",
       "      <th>7</th>\n",
       "      <th>8</th>\n",
       "      <th>9</th>\n",
       "    </tr>\n",
       "  </thead>\n",
       "  <tbody>\n",
       "    <tr>\n",
       "      <th>0</th>\n",
       "      <td>0.027780</td>\n",
       "      <td>0.005805</td>\n",
       "      <td>0.004699</td>\n",
       "      <td>0.003172</td>\n",
       "      <td>0.004315</td>\n",
       "      <td>0.004246</td>\n",
       "      <td>0.004408</td>\n",
       "      <td>0.004303</td>\n",
       "      <td>0.003429</td>\n",
       "      <td>0.004157</td>\n",
       "    </tr>\n",
       "    <tr>\n",
       "      <th>1</th>\n",
       "      <td>0.005805</td>\n",
       "      <td>0.002218</td>\n",
       "      <td>0.001990</td>\n",
       "      <td>0.001277</td>\n",
       "      <td>0.001834</td>\n",
       "      <td>0.001667</td>\n",
       "      <td>0.001769</td>\n",
       "      <td>0.001736</td>\n",
       "      <td>0.001441</td>\n",
       "      <td>0.001668</td>\n",
       "    </tr>\n",
       "    <tr>\n",
       "      <th>2</th>\n",
       "      <td>0.004699</td>\n",
       "      <td>0.001990</td>\n",
       "      <td>0.001844</td>\n",
       "      <td>0.001245</td>\n",
       "      <td>0.001706</td>\n",
       "      <td>0.001607</td>\n",
       "      <td>0.001680</td>\n",
       "      <td>0.001650</td>\n",
       "      <td>0.001371</td>\n",
       "      <td>0.001584</td>\n",
       "    </tr>\n",
       "    <tr>\n",
       "      <th>3</th>\n",
       "      <td>0.003172</td>\n",
       "      <td>0.001277</td>\n",
       "      <td>0.001245</td>\n",
       "      <td>0.001387</td>\n",
       "      <td>0.001157</td>\n",
       "      <td>0.001293</td>\n",
       "      <td>0.001255</td>\n",
       "      <td>0.001233</td>\n",
       "      <td>0.001005</td>\n",
       "      <td>0.001168</td>\n",
       "    </tr>\n",
       "    <tr>\n",
       "      <th>4</th>\n",
       "      <td>0.004315</td>\n",
       "      <td>0.001834</td>\n",
       "      <td>0.001706</td>\n",
       "      <td>0.001157</td>\n",
       "      <td>0.001581</td>\n",
       "      <td>0.001499</td>\n",
       "      <td>0.001562</td>\n",
       "      <td>0.001534</td>\n",
       "      <td>0.001276</td>\n",
       "      <td>0.001473</td>\n",
       "    </tr>\n",
       "    <tr>\n",
       "      <th>5</th>\n",
       "      <td>0.004246</td>\n",
       "      <td>0.001667</td>\n",
       "      <td>0.001607</td>\n",
       "      <td>0.001293</td>\n",
       "      <td>0.001499</td>\n",
       "      <td>0.001585</td>\n",
       "      <td>0.001590</td>\n",
       "      <td>0.001559</td>\n",
       "      <td>0.001268</td>\n",
       "      <td>0.001490</td>\n",
       "    </tr>\n",
       "    <tr>\n",
       "      <th>6</th>\n",
       "      <td>0.004408</td>\n",
       "      <td>0.001769</td>\n",
       "      <td>0.001680</td>\n",
       "      <td>0.001255</td>\n",
       "      <td>0.001562</td>\n",
       "      <td>0.001590</td>\n",
       "      <td>0.001624</td>\n",
       "      <td>0.001591</td>\n",
       "      <td>0.001296</td>\n",
       "      <td>0.001522</td>\n",
       "    </tr>\n",
       "    <tr>\n",
       "      <th>7</th>\n",
       "      <td>0.004303</td>\n",
       "      <td>0.001736</td>\n",
       "      <td>0.001650</td>\n",
       "      <td>0.001233</td>\n",
       "      <td>0.001534</td>\n",
       "      <td>0.001559</td>\n",
       "      <td>0.001591</td>\n",
       "      <td>0.001559</td>\n",
       "      <td>0.001274</td>\n",
       "      <td>0.001493</td>\n",
       "    </tr>\n",
       "    <tr>\n",
       "      <th>8</th>\n",
       "      <td>0.003429</td>\n",
       "      <td>0.001441</td>\n",
       "      <td>0.001371</td>\n",
       "      <td>0.001005</td>\n",
       "      <td>0.001276</td>\n",
       "      <td>0.001268</td>\n",
       "      <td>0.001296</td>\n",
       "      <td>0.001274</td>\n",
       "      <td>0.001058</td>\n",
       "      <td>0.001222</td>\n",
       "    </tr>\n",
       "    <tr>\n",
       "      <th>9</th>\n",
       "      <td>0.004157</td>\n",
       "      <td>0.001668</td>\n",
       "      <td>0.001584</td>\n",
       "      <td>0.001168</td>\n",
       "      <td>0.001473</td>\n",
       "      <td>0.001490</td>\n",
       "      <td>0.001522</td>\n",
       "      <td>0.001493</td>\n",
       "      <td>0.001222</td>\n",
       "      <td>0.001430</td>\n",
       "    </tr>\n",
       "  </tbody>\n",
       "</table>\n",
       "</div>"
      ]
     },
     "metadata": {},
     "execution_count": 35
    }
   ],
   "metadata": {}
  },
  {
   "cell_type": "markdown",
   "source": [
    "#  6. Calculate the eigenvalues and eigenvectors of both covariance matrice"
   ],
   "metadata": {}
  },
  {
   "cell_type": "code",
   "execution_count": 37,
   "source": [
    "# log-returns of yield\r\n",
    "cov_yield_eig, cov_yield_eig_vec = np.linalg.eig(cov_yield)\r\n",
    "cov_yield_eig"
   ],
   "outputs": [
    {
     "output_type": "execute_result",
     "data": {
      "text/plain": [
       "array([ 1.81620311e-02,  3.00171848e-03,  2.56528342e-04,  1.57799093e-04,\n",
       "        1.84229308e-05,  7.29908856e-06,  3.32488677e-06,  6.30854973e-07,\n",
       "       -6.61594732e-20,  5.42697864e-21])"
      ]
     },
     "metadata": {},
     "execution_count": 37
    }
   ],
   "metadata": {}
  },
  {
   "cell_type": "markdown",
   "source": [
    "It means the covariance matrix cov_yield_eighas the max variance projection to be the eigen value to be 1.81620311e-02 in the direction of that eigen vector "
   ],
   "metadata": {}
  },
  {
   "cell_type": "code",
   "execution_count": 38,
   "source": [
    "# forward rate\r\n",
    "forward_rate_eig, forward_rate_eig_vec = np.linalg.eig(forward_rate_cov)\r\n",
    "forward_rate_eig"
   ],
   "outputs": [
    {
     "output_type": "execute_result",
     "data": {
      "text/plain": [
       "array([ 3.54808007e-02,  5.86038085e-03,  5.24820469e-04,  1.81786082e-04,\n",
       "        1.49629087e-05,  3.01844845e-06,  1.48522949e-06, -6.84005346e-20,\n",
       "        3.93847323e-19,  2.15662965e-19])"
      ]
     },
     "metadata": {},
     "execution_count": 38
    }
   ],
   "metadata": {}
  },
  {
   "cell_type": "markdown",
   "source": [
    "It means the covariance matrix forward_rate_eig the max variance projection to be the eigen value to be 3.54808007e-02 in the direction of that eigen vector "
   ],
   "metadata": {}
  }
 ],
 "metadata": {
  "interpreter": {
   "hash": "0d2af4708e901420ca316528daed9d207adf237f59982b81f6b4928a0eab77f9"
  },
  "kernelspec": {
   "display_name": "Python 3.7.1 64-bit (system)",
   "language": "python",
   "name": "python3"
  },
  "language_info": {
   "codemirror_mode": {
    "name": "ipython",
    "version": 3
   },
   "file_extension": ".py",
   "mimetype": "text/x-python",
   "name": "python",
   "nbconvert_exporter": "python",
   "pygments_lexer": "ipython3",
   "version": "3.7.1"
  },
  "orig_nbformat": 4
 },
 "nbformat": 4,
 "nbformat_minor": 2
}